Exercice 1.1
A = 3
B = 4

Exercice 1.2
A = 2
B = 3
C = 6

Exercice 1.3
A = 6
B = 2

Exercice 1.4
A = 13
B = 13
C = 13

Exercice 1.5
A = 2
B = 2

Exercice 1.6
A <- 5
B <- 8
C <- A
A <- B
B <- C

Exercice 1.7
A <- 5
B <- 8
C <- 10
D <- A
A <- C
C <- B
B <- D

Exercice 1.8
C = error

Exercice 1.9
C = 42312
